000001
000010
000011
000100
000101
000000
000110
000111
001000
000000
000000
000000
001001
000000
001010
001011
001100
000000
000000
000000
000000
000000
000000
000000
001101
000000
000000
000000
001110
000000
001111
010000
010001
000000
000000
000000
000000
000000
000000
000000
000000
000000
000000
000000
000000
000000
000000
000000
010010
000000
000000
000000
000000
000000
000000
000000
010011
000000
000000
000000
010100
000000
010101
010110
010111
000000
000000
000000
000000
000000
000000
000000
000000
000000
000000
000000
000000
000000
000000
000000
000000
000000
000000
000000
000000
000000
000000
000000
000000
000000
000000
000000
000000
000000
000000
000000
011000
000000
000000
000000
000000
000000
000000
000000
000000
000000
000000
000000
000000
000000
000000
000000
011001
000000
000000
000000
000000
000000
000000
000000
011010
000000
000000
000000
011011
000000
011100
011101
011110
011111
000000
100000
000000
000000
000000
100001
000000
000000
000000
000000
000000
000000
000000
100010
000000
000000
000000
000000
000000
000000
000000
000000
000000
000000
000000
000000
000000
000000
000000
100011
000000
000000
000000
000000
000000
000000
000000
000000
000000
000000
000000
000000
000000
000000
000000
000000
000000
000000
000000
000000
000000
000000
000000
000000
000000
000000
000000
000000
000000
000000
000000
100100
100101
100110
000000
100111
000000
000000
000000
101000
000000
000000
000000
000000
000000
000000
000000
101001
000000
000000
000000
000000
000000
000000
000000
000000
000000
000000
000000
000000
000000
000000
000000
101010
101011
101100
000000
101101
000000
000000
000000
101110
000000
000000
000000
000000
000000
000000
000000
101111
110000
110001
000000
110010
000000
000000
000000
110011
110100
110101
000000
110110
110111
111000
111001
111010