01001100
01001000
01000011
01001000
01001100
01010011
01100001
01011100
01011110
01101001
01101010
01100010
01001100
01001000
01000010
01000111
01001100
01001010
01010101
01011010
01011011
01010011
01000101
01000111
01101010
01001000
01011011
01100010
01101000
01011111
01100101
01001110
01010011
01100011
00111111
01000101
01010000
01010011
01100011
01101011
01010011
01011001
01100001
01000010
01110011
01010011
01000110
01101001
01100111
01010100
01100000
01000101
01100101
01101101
01000100
01011111
01100010
01100001
01101011
01110010
01010000
01010011
01100111
01001111
01101111
01011101
01000010
01011111
01100011
01011110
01010101
01000101
01101100
01101101
01010010
01101100
01010000
01011001
01001011
01010100
01011001
01010001
01010101
01011100
01110011
01100010
01000010
01010000
01101100
01101010
01001011
01000101
01101101
01101111
01011101
01011011
01011001
01011110
01010100
01001010
01100101
01010001
01001111
01100011
01111001
01100101
01000100
01001001
01110111
01111000
01001001
01000110
01110000
01111001
01100101
01010001
01011011
01100100
01010011
01000101
01100111
01011000
01001010
01011001
01111110
01100000
01000100
01001000
01111000
01111000
01001001
01000110
01101000
01111110
01100100
01010011
01011011
01101001
01001001
01001010
01010001
01101011
01001100
01010110
01110101
01010110
01000110
01001010
01110010
01111011
01001011
01000101
01011100
01111010
01011000
01001110
01101010
01101000
01000110
01011010
01010101
01010100
01100010
01011001
01011110
01001010
01010111
01010001
01110100
01111101
01010101
01010100
01010000
01101010
01011010
01011011
01110001
01001110
01001011
01100100
01101110
01101101
01110110
01010010
01001011
01100100
01010011
01011001
01101100
01110101
01011101
01011000
01100001
01010001
01011100
01110001
01010111
01100011
01011010
01100111
01011010
01011001
01010000
01010101
01110000
01011011
01000001
01101101
01011110
01011010
01101110
01000111
01100011
01100111
01001111
01110110
01111101
01110101
01010100
01101001
01101001
01011111
01101010
01101101
01010110
00111111
01010001
01101011
01001111
01011001
01101001
01010110
01000010
01100101
01110010
01010111
01010101
01100011
01100000
01110011
01101111
01101001
01011010
01001001
01000010
00111111
01011101
01010111
01001110
01010011
01010101
01100010
01000011
01000101
01011110
01110011
01110000
01110101
01101110
01100000
01001110
01100000
01011110
01001100
01000011
00111111
01011000
01001011
01001101
01001100
01001010
01011110
01001100
01001000
01001001
01010111
01101110
01111000
01011100
01000110
01010100
01001111
01010100
01010011
01001001
01000001
01001101
01010100
01010111
01100100
01010110
01010110
01000111
01001001
01011001
01101000
01100010
01010110
01001101
01001101
01100100
01101110
01101100
01100011
01100011
01010011
01001100
01010000
01011000
01101110
01100101
01010010
01001001
01010011
01010111
01010111
01100111
01101110
01101111
01110010
01100111
01100111
01101000
01101011
01101101
01010100
01001100
01010011
01011001
01100100
01110110
01100011
01010011
01110001
01111000
01111010
01111100
01110100
01101110
01110011
01001111
01001101
01001101
01010001
01001100
01000001
01000111
01010010
01011110
01110011
01100100
01011000
01001111
01100000
01011100
01100010
01110010
01110100
01110010
01110111
01010011
01011111
01011100
01010100
01000111
00111110
01010010
01010010
01011000
01101000
01010011
01011011
01001011
01000111
01010111
01011011
01010111
01011000
01011101
01101000
01110000
01101001
01010110
01001000
01000101
01000010
01011010
01001110
01010000
01001100
01001110
01011100
01010110
01001000
01001011
01011110
01101100
01100110
01010000
01001001