10100010
10100110
10110001
10111001
10101100
10100101
10101010
10110010
10110111
10111000
10111000
10111001
10111100
10111010
10101110
10100011
10011110
10011010
10001101
10000110
10000010
01111101
10001011
10011011
10100111
10101010
10011111
10011100
10011011
10011100
10011101
10011111
10100010
10100110
10101110
10110110
10111100
11000000
11000001
10111000
10101011
10011000
10001011
10010101
10010000
01110001
01010010
01010010
01101010
01111011
10001010
10011001
10010100
10000011
01110001
01100111
01101101
10000110
10011000
10100000
10100010
10101111
10111101
11000111
11000111
10111001
10101101
10010111
10000011
10001101
10010010
01111010
01100001
01100111
01111011
10000111
10010010
10011100
10001000
01110011
01011100
01010000
01010101
01111001
10011000
10100011
10011001
10100001
10111000
11001000
11001000
10111110
10110110
10100110
10010011
10010000
10010110
10011001
10011110
10100111
10101101
10110001
10110011
10110001
10001101
10010001
10010101
10011011
10100011
10100101
10100110
10100100
10011011
10011001
10110000
11000011
11000010
10111100
10111110
10111100
10110110
10101010
10100100
10100111
10101110
10110001
10110011
10111001
10111110
10111111
10001101
10011110
10100110
10100100
10100010
10100110
10101001
10100100
10010101
10010111
10101110
10111110
10111101
10110111
10111110
11000010
11000001
11000000
10111011
10111010
10111011
10111010
10111001
10111010
10111101
11000000
10001100
10100001
10101000
10100001
10100000
10100110
10101001
10100011
10010101
10011010
10101110
10111100
10111010
10110110
10111011
11000001
11000100
11000100
11000001
10111100
10111000
10110110
10110111
10111011
11000001
11000110
10001111
10011110
10100100
10100000
10100101
10101101
10101101
10100100
10011001
10011110
10101111
10111001
10110111
10110111
10111001
10111111
11000011
11000000
10111111
10111101
10111010
10110111
10110111
10111110
11000110
11001011
10011001
10011110
10100010
10100101
10101100
10110100
10110001
10100110
10011101
10100001
10110001
10111001
10110101
10111000
10111011
10111111
11000001
11000001
11000010
11000111
11001011
11001001
11000101
11000111
11001001
11001001
10100001
10100100
10101001
10101111
10110110
10111010
10101101
10011011
10010101
10011110
10110001
10111011
10110111
10110100
10101110
10101010
10101010
10110000
10111000
10111101
11000001
11001001
11010100
11010110
11001110
11000010
10101000
10101101
10110001
10110100
10111001
10101011
10011111
10010111
10010110
10100101
10110101
10111101
10111100
10110110
10110000
10101110
10101101
10100111
10101011
10110000
10110110
11000001
11001101
11010000
11001000
10111100
10101011
10110010
10110111
10111001
10111000
10100100
10011010
10011001
10011100
10101100
10111010
11000010
11000100
10111100
10111000
10110111
10110100
10101000
10110001
10110011
10110001
10110101
11000000
11000100
11000000
10111001
10101100
10110010
10111001
10111100
10110101
10101101
10100100
10011111
10100010
10101110
10111011
11000110
11001001
11000000
10111110
10111001
10110011
10110011
11001000
11000111
10111001
10110010
10111001
10111101
10111100
10111000
10101000
10110010
10111001
10111100
10111010
10111011
10110010
10100101
10100000
10100110
10110010
10110111
10110010
10110000
10110111
10110111
10110100
10111111
11001001
11010000
11001011
10110111
10110101
10111001
10111011
10111000
10011110
10101001
10110011
10111000
10111010
10111000
10101111
10101000
10101010
10101010
10101111
10101111
10101101
10111001
11000101
11001000
11000110
11000111
11000011
11000111
11001001
11000100
10111010
10111001
10111001
10110110
10010111
10100001
10101101
10110100
10110111
10110000
10101011
10101011
10110001
10110000
10110010
10110011
10110101
11000101
11001110
11010010
11010010
11001110
11000010
10111111
11000011
11000111
10111101
10111001
10111000
10110101
10010011
10011100
10101001
10110011
10110011
10101010
10101000
10101011
10101100
10101101
10110000
10110101
10111001
11000001
11000010
11000111
11001101
11001011
10111010
10110010
10110101
10111110
10111010
10111010
10111001
10110111
10001111
10011000
10100110
10110001
10101101
10100101
10100010
10100000
10011100
10011011
10011011
10011110
10100001
10100010
10100000
10100110
10101110
10101101
10010011
10001110
10011100
10110000
10111001
10111110
10111101
10111001
10001101
10010110
10100100
10101111
10110000
10100101
10010010
10000000
01111001
01111110
10000001
10000011
10000110
10001000
10000011
10000101
10001100
10001101
10001011
10011011
10110000
10111000
10111110
10111111
10111100
10111000
10001111
10010100
10011100
10100111
10110101
10101101
10010110
01111101
01110000
01111100
10000110
10001001
10001001
10010011
10001110
10001011
10001111
10010111
10100011
10110011
10111110
10111111
11000001
10111111
10111011
10111000
10101010
10101001
10100010
10100000
10110001
10110011
10100011
10001101
01111111
10001100
10010111
10011011
10011011
10101010
10101010
10101000
10101011
10110100
11000000
11000011
11000001
11000010
11000011
10111101
10111000
10110111
11100110
11011101
11000010
10100011
10011110
10101100
10100111
10011001
10010111
10011111
10100000
10100010
10101001
10110001
10110111
10111101
11000010
11000101
11000101
11000011
11000001
11000100
11000010
10111010
10110100
10110100
11101101
11110001
11101001
11001001
10010011
10100010
10101000
10100100
10100010
10110000
10110100
10110101
10111000
10111100
11000001
11000011
11000100
11000110
11000110
11000110
11000101
11000101
11000001
10111001
10110100
10110100
11101110
11110011
11110110
11101000
10111001
10011110
10011111
10100111
10100110
10110010
10111001
10111100
10111101
11000000
11000010
11000101
11001000
11000110
11000011
11000011
11000100
11000011
10111110
10110111
10110010
10110010
11101100
11101110
11110011
11110010
11011110
10110001
10100001
10100101
10101000
10101101
10110101
10111010
10111011
10111110
10111111
11000101
11001011
11001000
11000010
11000010
11000010
10111111
10111000
10110010
10101101
10101010
11101011
11101100
11101010
11101000
11101010
11010001
10110001
10100000
10101001
10101011
10110001
10110110
10110111
10111010
10111110
11000101
11001101
11001011
11000110
11000100
11000010
10111100
10110001
10101101
10101000
10011111